
Num iterations:  280430448
Num schedules:  2
Best Schedules:
----------

[[ 1  5 17]
 [ 2  4 15]
 [ 3 10 12]
 [ 7 13 19]
 [ 9 11 14]]
Cost:  12

Participant sessions
0 [5, 13, 15]
1 [13, 16, 17]
0 [19]
1 [1, 8, 7]
0 [1, 13, 15]
0 [9, 12, 17]
1 [11, 13, 16]
1 [2, 13, 23]
0 [4, 17]
0 [13, 14, 17]
1 [11, 13, 16]
0 [7, 11]
0 [2, 7, 9]
0 [5, 9]
0 [4, 7, 14]
0 [11, 12, 15]
1 [7, 8, 12]
1 [1, 6, 11]
0 [1, 2, 9]
0 [5, 10, 11]
0 [1, 2, 3]
1 [3, 4, 10]
0 [1, 10, 13]
0 [2, 11]
1 [3, 7, 18]
1 [12, 21]
0 [3, 9, 15]
0 [7, 9, 15]
0 [7, 10]
1 [1, 3, 6]
0 [17]
1 [19, 22, 12]
----------

[[ 1  4 19]
 [ 2 10 12]
 [ 3 11 17]
 [ 7 15 16]
 [ 8  9 13]]
Cost:  12

Participant sessions
1 [5, 13, 15]
0 [13, 16, 17]
0 [19]
0 [1, 8, 7]
0 [1, 13, 15]
0 [9, 12, 17]
0 [11, 13, 16]
1 [2, 13, 23]
0 [4, 17]
1 [13, 14, 17]
0 [11, 13, 16]
0 [7, 11]
0 [2, 7, 9]
1 [5, 9]
1 [4, 7, 14]
0 [11, 12, 15]
0 [7, 8, 12]
1 [1, 6, 11]
0 [1, 2, 9]
1 [5, 10, 11]
0 [1, 2, 3]
0 [3, 4, 10]
0 [1, 10, 13]
0 [2, 11]
1 [3, 7, 18]
1 [12, 21]
0 [3, 9, 15]
1 [7, 9, 15]
0 [7, 10]
1 [1, 3, 6]
0 [17]
1 [19, 22, 12]

