Num iterations:  10010747
Num schedules:  3
Best Schedules:
----------

[[ 1 12 14]
 [ 2 15 17]
 [ 3  8 11]
 [ 4  9 13]
 [ 7 10 16]]
Cost:  4

Participant sessions
1 [5, 13, 15]
0 [13, 16, 17]
0 [1, 8, 7]
0 [1, 13, 15]
0 [9, 12, 17]
0 [11, 13, 16]
0 [13, 14, 17]
0 [11, 13, 16]
0 [2, 7, 9]
0 [4, 7, 14]
0 [11, 12, 15]
0 [7, 8, 12]
1 [1, 6, 11]
0 [1, 2, 9]
1 [5, 10, 11]
0 [1, 2, 3]
0 [3, 4, 10]
0 [1, 10, 13]
1 [3, 7, 18]
0 [3, 9, 15]
0 [7, 9, 15]
----------

[[ 1 12 14]
 [ 2 15 17]
 [ 3  8 13]
 [ 4  9 11]
 [ 7 10 16]]
Cost:  4

Participant sessions
1 [5, 13, 15]
0 [13, 16, 17]
0 [1, 8, 7]
0 [1, 13, 15]
0 [9, 12, 17]
0 [11, 13, 16]
0 [13, 14, 17]
0 [11, 13, 16]
0 [2, 7, 9]
0 [4, 7, 14]
0 [11, 12, 15]
0 [7, 8, 12]
1 [1, 6, 11]
0 [1, 2, 9]
1 [5, 10, 11]
0 [1, 2, 3]
0 [3, 4, 10]
0 [1, 10, 13]
1 [3, 7, 18]
0 [3, 9, 15]
0 [7, 9, 15]
----------

[[ 1 12 14]
 [ 2 10 15]
 [ 3  8 13]
 [ 5  9 16]
 [ 7 11 17]]
Cost:  4

Participant sessions
0 [5, 13, 15]
0 [13, 16, 17]
0 [1, 8, 7]
0 [1, 13, 15]
0 [9, 12, 17]
0 [11, 13, 16]
0 [13, 14, 17]
0 [11, 13, 16]
0 [2, 7, 9]
1 [4, 7, 14]
0 [11, 12, 15]
0 [7, 8, 12]
1 [1, 6, 11]
0 [1, 2, 9]
0 [5, 10, 11]
0 [1, 2, 3]
1 [3, 4, 10]
0 [1, 10, 13]
1 [3, 7, 18]
0 [3, 9, 15]
0 [7, 9, 15]
