0.000000000000000000e+00,9.200000000000000000e+01
9.775171065493645783e-02,9.900000000000000000e+01
1.955034213098729157e-01,9.300000000000000000e+01
2.932551319648093457e-01,1.000000000000000000e+02
3.910068426197458313e-01,9.600000000000000000e+01
4.887585532746823169e-01,9.400000000000000000e+01
5.865102639296186915e-01,8.700000000000000000e+01
6.842619745845551771e-01,9.500000000000000000e+01
7.820136852394916627e-01,9.300000000000000000e+01
8.797653958944281483e-01,8.500000000000000000e+01
9.775171065493646338e-01,1.000000000000000000e+02
1.075268817204301008e+00,1.040000000000000000e+02
1.173020527859237383e+00,7.200000000000000000e+01
1.270772238514173980e+00,1.100000000000000000e+02
1.368523949169110354e+00,9.100000000000000000e+01
1.466275659824046951e+00,1.000000000000000000e+02
1.564027370478983325e+00,1.040000000000000000e+02
1.661779081133919700e+00,9.800000000000000000e+01
1.759530791788856297e+00,1.180000000000000000e+02
1.857282502443792671e+00,9.400000000000000000e+01
1.955034213098729268e+00,1.070000000000000000e+02
2.052785923753665642e+00,1.070000000000000000e+02
2.150537634408602017e+00,1.140000000000000000e+02
2.248289345063538391e+00,1.060000000000000000e+02
2.346041055718474766e+00,1.290000000000000000e+02
2.443792766373411585e+00,9.400000000000000000e+01
2.541544477028347959e+00,1.100000000000000000e+02
2.639296187683284334e+00,1.020000000000000000e+02
2.737047898338220708e+00,9.500000000000000000e+01
2.834799608993157083e+00,1.180000000000000000e+02
2.932551319648093902e+00,1.170000000000000000e+02
3.030303030303030276e+00,9.900000000000000000e+01
3.128054740957966651e+00,1.190000000000000000e+02
3.225806451612903025e+00,1.010000000000000000e+02
3.323558162267839400e+00,1.080000000000000000e+02
3.421309872922776218e+00,1.160000000000000000e+02
3.519061583577712593e+00,1.170000000000000000e+02
3.616813294232648968e+00,9.900000000000000000e+01
3.714565004887585342e+00,1.250000000000000000e+02
3.812316715542521717e+00,1.140000000000000000e+02
3.910068426197458535e+00,1.210000000000000000e+02
4.007820136852394910e+00,1.150000000000000000e+02
4.105571847507331285e+00,1.320000000000000000e+02
4.203323558162267659e+00,1.170000000000000000e+02
4.301075268817204034e+00,1.140000000000000000e+02
4.398826979472140408e+00,1.310000000000000000e+02
4.496578690127076783e+00,1.260000000000000000e+02
4.594330400782013157e+00,1.380000000000000000e+02
4.692082111436949532e+00,1.100000000000000000e+02
4.789833822091886795e+00,1.160000000000000000e+02
4.887585532746823169e+00,1.280000000000000000e+02
4.985337243401759544e+00,1.230000000000000000e+02
5.083088954056695918e+00,1.320000000000000000e+02
5.180840664711632293e+00,1.430000000000000000e+02
5.278592375366568668e+00,1.140000000000000000e+02
5.376344086021505042e+00,1.400000000000000000e+02
5.474095796676441417e+00,1.470000000000000000e+02
5.571847507331377791e+00,1.200000000000000000e+02
5.669599217986314166e+00,1.140000000000000000e+02
5.767350928641251429e+00,1.440000000000000000e+02
5.865102639296187803e+00,1.260000000000000000e+02
5.962854349951124178e+00,1.040000000000000000e+02
6.060606060606060552e+00,1.380000000000000000e+02
6.158357771260996927e+00,1.300000000000000000e+02
6.256109481915933301e+00,1.080000000000000000e+02
6.353861192570869676e+00,1.230000000000000000e+02
6.451612903225806051e+00,1.370000000000000000e+02
6.549364613880742425e+00,1.360000000000000000e+02
6.647116324535678800e+00,1.360000000000000000e+02
6.744868035190615174e+00,1.290000000000000000e+02
6.842619745845552437e+00,1.210000000000000000e+02
6.940371456500488812e+00,1.270000000000000000e+02
7.038123167155425186e+00,1.250000000000000000e+02
7.135874877810361561e+00,1.610000000000000000e+02
7.233626588465297935e+00,1.340000000000000000e+02
7.331378299120234310e+00,1.410000000000000000e+02
7.429130009775170684e+00,1.680000000000000000e+02
7.526881720430107059e+00,1.470000000000000000e+02
7.624633431085043433e+00,1.520000000000000000e+02
7.722385141739979808e+00,1.660000000000000000e+02
7.820136852394917071e+00,1.550000000000000000e+02
7.917888563049853445e+00,1.520000000000000000e+02
8.015640273704789820e+00,1.560000000000000000e+02
8.113391984359726194e+00,1.410000000000000000e+02
8.211143695014662569e+00,1.350000000000000000e+02
8.308895405669598944e+00,1.330000000000000000e+02
8.406647116324535318e+00,1.700000000000000000e+02
8.504398826979471693e+00,1.460000000000000000e+02
8.602150537634408067e+00,1.400000000000000000e+02
8.699902248289344442e+00,1.400000000000000000e+02
8.797653958944280816e+00,1.490000000000000000e+02
8.895405669599217191e+00,1.390000000000000000e+02
8.993157380254153566e+00,1.480000000000000000e+02
9.090909090909089940e+00,1.450000000000000000e+02
9.188660801564026315e+00,1.490000000000000000e+02
9.286412512218962689e+00,1.790000000000000000e+02
9.384164222873899064e+00,1.650000000000000000e+02
9.481915933528837215e+00,1.480000000000000000e+02
9.579667644183773589e+00,1.470000000000000000e+02
9.677419354838709964e+00,1.650000000000000000e+02
9.775171065493646338e+00,1.710000000000000000e+02
9.872922776148582713e+00,1.470000000000000000e+02
9.970674486803519088e+00,1.600000000000000000e+02
1.006842619745845546e+01,1.370000000000000000e+02
1.016617790811339184e+01,1.860000000000000000e+02
1.026392961876832821e+01,1.360000000000000000e+02
1.036168132942326459e+01,1.820000000000000000e+02
1.045943304007820096e+01,1.580000000000000000e+02
1.055718475073313734e+01,1.570000000000000000e+02
1.065493646138807371e+01,1.710000000000000000e+02
1.075268817204301008e+01,1.540000000000000000e+02
1.085043988269794646e+01,1.530000000000000000e+02
1.094819159335288283e+01,1.600000000000000000e+02
1.104594330400781921e+01,1.810000000000000000e+02
1.114369501466275558e+01,1.750000000000000000e+02
1.124144672531769196e+01,1.780000000000000000e+02
1.133919843597262833e+01,1.690000000000000000e+02
1.143695014662756471e+01,1.920000000000000000e+02
1.153470185728250286e+01,1.560000000000000000e+02
1.163245356793743923e+01,1.630000000000000000e+02
1.173020527859237561e+01,1.690000000000000000e+02
1.182795698924731198e+01,1.910000000000000000e+02
1.192570869990224836e+01,1.600000000000000000e+02
1.202346041055718473e+01,2.000000000000000000e+02
1.212121212121212110e+01,1.550000000000000000e+02
1.221896383186705748e+01,1.580000000000000000e+02
1.231671554252199385e+01,1.800000000000000000e+02
1.241446725317693023e+01,1.750000000000000000e+02
1.251221896383186660e+01,1.880000000000000000e+02
1.260997067448680298e+01,1.650000000000000000e+02
1.270772238514173935e+01,1.570000000000000000e+02
1.280547409579667573e+01,1.770000000000000000e+02
1.290322580645161210e+01,1.860000000000000000e+02
1.300097751710654848e+01,1.640000000000000000e+02
1.309872922776148485e+01,1.910000000000000000e+02
1.319648093841642122e+01,1.950000000000000000e+02
1.329423264907135760e+01,1.850000000000000000e+02
1.339198435972629397e+01,1.750000000000000000e+02
1.348973607038123035e+01,1.690000000000000000e+02
1.358748778103616850e+01,1.980000000000000000e+02
1.368523949169110487e+01,1.840000000000000000e+02
1.378299120234604125e+01,2.150000000000000000e+02
1.388074291300097762e+01,1.880000000000000000e+02
1.397849462365591400e+01,2.030000000000000000e+02
1.407624633431085037e+01,1.850000000000000000e+02
1.417399804496578675e+01,1.950000000000000000e+02
1.427174975562072312e+01,1.890000000000000000e+02
1.436950146627565950e+01,2.030000000000000000e+02
1.446725317693059587e+01,1.780000000000000000e+02
1.456500488758553224e+01,1.700000000000000000e+02
1.466275659824046862e+01,2.070000000000000000e+02
1.476050830889540499e+01,1.730000000000000000e+02
1.485826001955034137e+01,2.030000000000000000e+02
1.495601173020527774e+01,2.100000000000000000e+02
1.505376344086021412e+01,2.260000000000000000e+02
1.515151515151515049e+01,1.890000000000000000e+02
1.524926686217008687e+01,1.840000000000000000e+02
1.534701857282502324e+01,2.110000000000000000e+02
1.544477028347995962e+01,1.980000000000000000e+02
1.554252199413489599e+01,1.730000000000000000e+02
1.564027370478983414e+01,1.780000000000000000e+02
1.573802541544477052e+01,2.110000000000000000e+02
1.583577712609970689e+01,2.080000000000000000e+02
1.593352883675464327e+01,2.150000000000000000e+02
1.603128054740957964e+01,2.500000000000000000e+02
1.612903225806451601e+01,1.930000000000000000e+02
1.622678396871945239e+01,2.050000000000000000e+02
1.632453567937438876e+01,2.090000000000000000e+02
1.642228739002932514e+01,2.100000000000000000e+02
1.652003910068426151e+01,1.930000000000000000e+02
1.661779081133919789e+01,2.200000000000000000e+02
1.671554252199413426e+01,1.910000000000000000e+02
1.681329423264907064e+01,2.010000000000000000e+02
1.691104594330400701e+01,2.320000000000000000e+02
1.700879765395894339e+01,2.160000000000000000e+02
1.710654936461387976e+01,2.260000000000000000e+02
1.720430107526881613e+01,2.120000000000000000e+02
1.730205278592375251e+01,2.080000000000000000e+02
1.739980449657868888e+01,2.100000000000000000e+02
1.749755620723362526e+01,2.190000000000000000e+02
1.759530791788856163e+01,2.190000000000000000e+02
1.769305962854349801e+01,2.200000000000000000e+02
1.779081133919843438e+01,2.460000000000000000e+02
1.788856304985337076e+01,2.040000000000000000e+02
1.798631476050830713e+01,2.290000000000000000e+02
1.808406647116324351e+01,2.230000000000000000e+02
1.818181818181817988e+01,2.440000000000000000e+02
1.827956989247311625e+01,2.140000000000000000e+02
1.837732160312805263e+01,2.260000000000000000e+02
1.847507331378298900e+01,2.330000000000000000e+02
1.857282502443792538e+01,2.240000000000000000e+02
1.867057673509286175e+01,2.340000000000000000e+02
1.876832844574779813e+01,2.320000000000000000e+02
1.886608015640273806e+01,2.330000000000000000e+02
1.896383186705767443e+01,2.400000000000000000e+02
1.906158357771261080e+01,2.160000000000000000e+02
1.915933528836754718e+01,2.320000000000000000e+02
1.925708699902248355e+01,2.260000000000000000e+02
1.935483870967741993e+01,2.200000000000000000e+02
1.945259042033235630e+01,2.210000000000000000e+02
1.955034213098729268e+01,2.370000000000000000e+02
1.964809384164222905e+01,2.330000000000000000e+02
1.974584555229716543e+01,2.210000000000000000e+02
1.984359726295210180e+01,2.500000000000000000e+02
1.994134897360703818e+01,2.400000000000000000e+02
2.003910068426197455e+01,2.430000000000000000e+02
2.013685239491691092e+01,2.560000000000000000e+02
2.023460410557184730e+01,2.340000000000000000e+02
2.033235581622678367e+01,2.520000000000000000e+02
2.043010752688172005e+01,2.170000000000000000e+02
2.052785923753665642e+01,2.560000000000000000e+02
2.062561094819159280e+01,2.340000000000000000e+02
2.072336265884652917e+01,2.450000000000000000e+02
2.082111436950146555e+01,2.370000000000000000e+02
2.091886608015640192e+01,2.370000000000000000e+02
2.101661779081133830e+01,2.610000000000000000e+02
2.111436950146627467e+01,2.650000000000000000e+02
2.121212121212121104e+01,2.650000000000000000e+02
2.130987292277614742e+01,2.350000000000000000e+02
2.140762463343108379e+01,2.630000000000000000e+02
2.150537634408602017e+01,2.480000000000000000e+02
2.160312805474095654e+01,2.340000000000000000e+02
2.170087976539589292e+01,2.550000000000000000e+02
2.179863147605082929e+01,2.400000000000000000e+02
2.189638318670576567e+01,2.520000000000000000e+02
2.199413489736070204e+01,2.410000000000000000e+02
2.209188660801563842e+01,2.740000000000000000e+02
2.218963831867057479e+01,2.730000000000000000e+02
2.228739002932551116e+01,2.690000000000000000e+02
2.238514173998044754e+01,2.630000000000000000e+02
2.248289345063538391e+01,2.590000000000000000e+02
2.258064516129032029e+01,2.570000000000000000e+02
2.267839687194525666e+01,2.640000000000000000e+02
2.277614858260019304e+01,2.740000000000000000e+02
2.287390029325512941e+01,2.460000000000000000e+02
2.297165200391006934e+01,2.390000000000000000e+02
2.306940371456500571e+01,2.720000000000000000e+02
2.316715542521994209e+01,2.480000000000000000e+02
2.326490713587487846e+01,2.600000000000000000e+02
2.336265884652981484e+01,2.630000000000000000e+02
2.346041055718475121e+01,2.770000000000000000e+02
2.355816226783968759e+01,2.460000000000000000e+02
2.365591397849462396e+01,2.820000000000000000e+02
2.375366568914956034e+01,2.880000000000000000e+02
2.385141739980449671e+01,2.450000000000000000e+02
2.394916911045943309e+01,2.650000000000000000e+02
2.404692082111436946e+01,2.580000000000000000e+02
2.414467253176930583e+01,2.670000000000000000e+02
2.424242424242424221e+01,2.860000000000000000e+02
2.434017595307917858e+01,2.930000000000000000e+02
2.443792766373411496e+01,2.800000000000000000e+02
2.453567937438905133e+01,2.940000000000000000e+02
2.463343108504398771e+01,2.740000000000000000e+02
2.473118279569892408e+01,3.000000000000000000e+02
2.482893450635386046e+01,3.140000000000000000e+02
2.492668621700879683e+01,3.130000000000000000e+02
2.502443792766373321e+01,2.880000000000000000e+02
2.512218963831866958e+01,2.650000000000000000e+02
2.521994134897360595e+01,3.080000000000000000e+02
2.531769305962854233e+01,3.050000000000000000e+02
2.541544477028347870e+01,3.020000000000000000e+02
2.551319648093841508e+01,2.740000000000000000e+02
2.561094819159335145e+01,3.030000000000000000e+02
2.570869990224828783e+01,2.990000000000000000e+02
2.580645161290322420e+01,2.740000000000000000e+02
2.590420332355816058e+01,2.640000000000000000e+02
2.600195503421309695e+01,3.070000000000000000e+02
2.609970674486803333e+01,2.880000000000000000e+02
2.619745845552296970e+01,3.120000000000000000e+02
2.629521016617790607e+01,3.110000000000000000e+02
2.639296187683284245e+01,3.010000000000000000e+02
2.649071358748777882e+01,2.790000000000000000e+02
2.658846529814271520e+01,3.040000000000000000e+02
2.668621700879765157e+01,2.850000000000000000e+02
2.678396871945258795e+01,2.860000000000000000e+02
2.688172043010752432e+01,2.910000000000000000e+02
2.697947214076246070e+01,2.850000000000000000e+02
2.707722385141739707e+01,2.840000000000000000e+02
2.717497556207233700e+01,2.980000000000000000e+02
2.727272727272727337e+01,2.990000000000000000e+02
2.737047898338220975e+01,3.240000000000000000e+02
2.746823069403714612e+01,3.230000000000000000e+02
2.756598240469208250e+01,2.790000000000000000e+02
2.766373411534701887e+01,2.840000000000000000e+02
2.776148582600195525e+01,3.090000000000000000e+02
2.785923753665689162e+01,3.230000000000000000e+02
2.795698924731182800e+01,3.290000000000000000e+02
2.805474095796676437e+01,3.310000000000000000e+02
2.815249266862170074e+01,3.220000000000000000e+02
2.825024437927663712e+01,3.190000000000000000e+02
2.834799608993157349e+01,3.210000000000000000e+02
2.844574780058650987e+01,3.060000000000000000e+02
2.854349951124144624e+01,3.130000000000000000e+02
2.864125122189638262e+01,3.220000000000000000e+02
2.873900293255131899e+01,2.750000000000000000e+02
2.883675464320625537e+01,2.870000000000000000e+02
2.893450635386119174e+01,3.130000000000000000e+02
2.903225806451612812e+01,2.960000000000000000e+02
2.913000977517106449e+01,3.050000000000000000e+02
2.922776148582600086e+01,3.050000000000000000e+02
2.932551319648093724e+01,3.030000000000000000e+02
2.942326490713587361e+01,3.370000000000000000e+02
2.952101661779080999e+01,2.970000000000000000e+02
2.961876832844574636e+01,3.170000000000000000e+02
2.971652003910068274e+01,2.980000000000000000e+02
2.981427174975561911e+01,3.500000000000000000e+02
2.991202346041055549e+01,3.170000000000000000e+02
3.000977517106549186e+01,3.280000000000000000e+02
3.010752688172042824e+01,3.270000000000000000e+02
3.020527859237536461e+01,3.140000000000000000e+02
3.030303030303030098e+01,3.140000000000000000e+02
3.040078201368523736e+01,3.080000000000000000e+02
3.049853372434017373e+01,3.280000000000000000e+02
3.059628543499511011e+01,3.280000000000000000e+02
3.069403714565004648e+01,3.330000000000000000e+02
3.079178885630498286e+01,3.430000000000000000e+02
3.088954056695991923e+01,3.300000000000000000e+02
3.098729227761485561e+01,3.210000000000000000e+02
3.108504398826979198e+01,3.110000000000000000e+02
3.118279569892472836e+01,3.280000000000000000e+02
3.128054740957966828e+01,3.030000000000000000e+02
3.137829912023460466e+01,3.610000000000000000e+02
3.147605083088954103e+01,3.080000000000000000e+02
3.157380254154447741e+01,3.390000000000000000e+02
3.167155425219941378e+01,3.230000000000000000e+02
3.176930596285435016e+01,3.400000000000000000e+02
3.186705767350928653e+01,3.470000000000000000e+02
3.196480938416422291e+01,3.640000000000000000e+02
3.206256109481915928e+01,3.180000000000000000e+02
3.216031280547409210e+01,3.350000000000000000e+02
3.225806451612903203e+01,3.640000000000000000e+02
3.235581622678396485e+01,3.260000000000000000e+02
3.245356793743890478e+01,3.330000000000000000e+02
3.255131964809383760e+01,3.550000000000000000e+02
3.264907135874877753e+01,3.580000000000000000e+02
3.274682306940371035e+01,3.680000000000000000e+02
3.284457478005865028e+01,3.400000000000000000e+02
3.294232649071358310e+01,3.340000000000000000e+02
3.304007820136852303e+01,3.250000000000000000e+02
3.313782991202345585e+01,3.240000000000000000e+02
3.323558162267839577e+01,3.250000000000000000e+02
3.333333333333332860e+01,3.470000000000000000e+02
3.343108504398826852e+01,3.570000000000000000e+02
3.352883675464320845e+01,3.470000000000000000e+02
3.362658846529814127e+01,3.720000000000000000e+02
3.372434017595308120e+01,3.420000000000000000e+02
3.382209188660801402e+01,3.710000000000000000e+02
3.391984359726295395e+01,3.380000000000000000e+02
3.401759530791788677e+01,3.370000000000000000e+02
3.411534701857282670e+01,3.590000000000000000e+02
3.421309872922775952e+01,3.360000000000000000e+02
3.431085043988269945e+01,3.280000000000000000e+02
3.440860215053763227e+01,3.450000000000000000e+02
3.450635386119257220e+01,3.310000000000000000e+02
3.460410557184750502e+01,3.240000000000000000e+02
3.470185728250244495e+01,3.600000000000000000e+02
3.479960899315737777e+01,3.360000000000000000e+02
3.489736070381231769e+01,3.330000000000000000e+02
3.499511241446725052e+01,3.470000000000000000e+02
3.509286412512219044e+01,3.720000000000000000e+02
3.519061583577712327e+01,3.350000000000000000e+02
3.528836754643206319e+01,3.810000000000000000e+02
3.538611925708699602e+01,3.500000000000000000e+02
3.548387096774193594e+01,3.590000000000000000e+02
3.558162267839686876e+01,3.510000000000000000e+02
3.567937438905180869e+01,3.600000000000000000e+02
3.577712609970674151e+01,3.360000000000000000e+02
3.587487781036168144e+01,3.520000000000000000e+02
3.597262952101661426e+01,3.440000000000000000e+02
3.607038123167155419e+01,3.700000000000000000e+02
3.616813294232648701e+01,3.710000000000000000e+02
3.626588465298142694e+01,3.960000000000000000e+02
3.636363636363635976e+01,3.690000000000000000e+02
3.646138807429129969e+01,3.820000000000000000e+02
3.655913978494623251e+01,3.320000000000000000e+02
3.665689149560117244e+01,3.710000000000000000e+02
3.675464320625610526e+01,3.240000000000000000e+02
3.685239491691104519e+01,3.810000000000000000e+02
3.695014662756597801e+01,3.580000000000000000e+02
3.704789833822091794e+01,3.720000000000000000e+02
3.714565004887585076e+01,3.690000000000000000e+02
3.724340175953079068e+01,3.500000000000000000e+02
3.734115347018572351e+01,3.510000000000000000e+02
3.743890518084066343e+01,3.700000000000000000e+02
3.753665689149559626e+01,3.830000000000000000e+02
3.763440860215053618e+01,3.690000000000000000e+02
3.773216031280547611e+01,3.470000000000000000e+02
3.782991202346040893e+01,3.560000000000000000e+02
3.792766373411534886e+01,3.330000000000000000e+02
3.802541544477028168e+01,3.630000000000000000e+02
3.812316715542522161e+01,3.650000000000000000e+02
3.822091886608015443e+01,4.060000000000000000e+02
3.831867057673509436e+01,3.400000000000000000e+02
3.841642228739002718e+01,3.930000000000000000e+02
3.851417399804496711e+01,3.450000000000000000e+02
3.861192570869989993e+01,3.650000000000000000e+02
3.870967741935483986e+01,3.730000000000000000e+02
3.880742913000977268e+01,3.560000000000000000e+02
3.890518084066471260e+01,3.430000000000000000e+02
3.900293255131964543e+01,3.390000000000000000e+02
3.910068426197458535e+01,3.750000000000000000e+02
3.919843597262951818e+01,3.960000000000000000e+02
3.929618768328445810e+01,3.850000000000000000e+02
3.939393939393939092e+01,3.950000000000000000e+02
3.949169110459433085e+01,3.970000000000000000e+02
3.958944281524926367e+01,3.940000000000000000e+02
3.968719452590420360e+01,3.900000000000000000e+02
3.978494623655913642e+01,3.540000000000000000e+02
3.988269794721407635e+01,3.680000000000000000e+02
3.998044965786900917e+01,3.750000000000000000e+02
4.007820136852394910e+01,3.530000000000000000e+02
4.017595307917888192e+01,3.590000000000000000e+02
4.027370478983382185e+01,3.820000000000000000e+02
4.037145650048875467e+01,3.930000000000000000e+02
4.046920821114369460e+01,3.970000000000000000e+02
4.056695992179862742e+01,3.740000000000000000e+02
4.066471163245356735e+01,3.930000000000000000e+02
4.076246334310850017e+01,3.880000000000000000e+02
4.086021505376344010e+01,3.470000000000000000e+02
4.095796676441837292e+01,3.940000000000000000e+02
4.105571847507331285e+01,3.980000000000000000e+02
4.115347018572824567e+01,3.810000000000000000e+02
4.125122189638318559e+01,3.510000000000000000e+02
4.134897360703811842e+01,4.270000000000000000e+02
4.144672531769305834e+01,3.420000000000000000e+02
4.154447702834799117e+01,3.880000000000000000e+02
4.164222873900293109e+01,3.530000000000000000e+02
4.173998044965787102e+01,3.700000000000000000e+02
4.183773216031280384e+01,3.370000000000000000e+02
4.193548387096774377e+01,3.740000000000000000e+02
4.203323558162267659e+01,4.020000000000000000e+02
4.213098729227761652e+01,3.940000000000000000e+02
4.222873900293254934e+01,3.670000000000000000e+02
4.232649071358748927e+01,3.940000000000000000e+02
4.242424242424242209e+01,3.740000000000000000e+02
4.252199413489736202e+01,3.870000000000000000e+02
4.261974584555229484e+01,4.050000000000000000e+02
4.271749755620723477e+01,4.020000000000000000e+02
4.281524926686216759e+01,3.860000000000000000e+02
4.291300097751710751e+01,3.540000000000000000e+02
4.301075268817204034e+01,3.740000000000000000e+02
4.310850439882698026e+01,3.840000000000000000e+02
4.320625610948191309e+01,3.580000000000000000e+02
4.330400782013685301e+01,3.880000000000000000e+02
4.340175953079178583e+01,4.110000000000000000e+02
4.349951124144672576e+01,3.850000000000000000e+02
4.359726295210165858e+01,3.670000000000000000e+02
4.369501466275659851e+01,3.790000000000000000e+02
4.379276637341153133e+01,3.990000000000000000e+02
4.389051808406647126e+01,3.920000000000000000e+02
4.398826979472140408e+01,4.110000000000000000e+02
4.408602150537634401e+01,4.100000000000000000e+02
4.418377321603127683e+01,3.760000000000000000e+02
4.428152492668621676e+01,3.920000000000000000e+02
4.437927663734114958e+01,4.000000000000000000e+02
4.447702834799608951e+01,3.900000000000000000e+02
4.457478005865102233e+01,4.130000000000000000e+02
4.467253176930596226e+01,3.990000000000000000e+02
4.477028347996089508e+01,3.640000000000000000e+02
4.486803519061583501e+01,3.950000000000000000e+02
4.496578690127076783e+01,4.020000000000000000e+02
4.506353861192570776e+01,3.810000000000000000e+02
4.516129032258064058e+01,4.180000000000000000e+02
4.525904203323558050e+01,3.580000000000000000e+02
4.535679374389051333e+01,4.110000000000000000e+02
4.545454545454545325e+01,3.990000000000000000e+02
4.555229716520038608e+01,3.740000000000000000e+02
4.565004887585532600e+01,4.020000000000000000e+02
4.574780058651025882e+01,4.180000000000000000e+02
4.584555229716519875e+01,3.940000000000000000e+02
4.594330400782013868e+01,4.110000000000000000e+02
4.604105571847507150e+01,4.110000000000000000e+02
4.613880742913001143e+01,4.600000000000000000e+02
4.623655913978494425e+01,3.900000000000000000e+02
4.633431085043988418e+01,4.020000000000000000e+02
4.643206256109481700e+01,3.550000000000000000e+02
4.652981427174975693e+01,4.050000000000000000e+02
4.662756598240468975e+01,3.930000000000000000e+02
4.672531769305962968e+01,3.840000000000000000e+02
4.682306940371456250e+01,3.920000000000000000e+02
4.692082111436950242e+01,4.050000000000000000e+02
4.701857282502443525e+01,4.160000000000000000e+02
4.711632453567937517e+01,3.730000000000000000e+02
4.721407624633430800e+01,3.740000000000000000e+02
4.731182795698924792e+01,4.070000000000000000e+02
4.740957966764418074e+01,4.100000000000000000e+02
4.750733137829912067e+01,4.250000000000000000e+02
4.760508308895405349e+01,3.860000000000000000e+02
4.770283479960899342e+01,4.070000000000000000e+02
4.780058651026392624e+01,3.820000000000000000e+02
4.789833822091886617e+01,4.380000000000000000e+02
4.799608993157379899e+01,3.660000000000000000e+02
4.809384164222873892e+01,3.780000000000000000e+02
4.819159335288367174e+01,4.070000000000000000e+02
4.828934506353861167e+01,3.940000000000000000e+02
4.838709677419354449e+01,4.160000000000000000e+02
4.848484848484848442e+01,4.010000000000000000e+02
4.858260019550341724e+01,3.850000000000000000e+02
4.868035190615835717e+01,4.360000000000000000e+02
4.877810361681328999e+01,3.820000000000000000e+02
4.887585532746822992e+01,4.060000000000000000e+02
4.897360703812316274e+01,4.290000000000000000e+02
4.907135874877810267e+01,3.960000000000000000e+02
4.916911045943303549e+01,3.920000000000000000e+02
4.926686217008797541e+01,3.810000000000000000e+02
4.936461388074290824e+01,3.720000000000000000e+02
4.946236559139784816e+01,3.910000000000000000e+02
4.956011730205278099e+01,4.080000000000000000e+02
4.965786901270772091e+01,3.870000000000000000e+02
4.975562072336265373e+01,4.040000000000000000e+02
4.985337243401759366e+01,3.880000000000000000e+02
4.995112414467252648e+01,4.040000000000000000e+02
5.004887585532746641e+01,4.070000000000000000e+02
5.014662756598240634e+01,3.820000000000000000e+02
5.024437927663733916e+01,3.540000000000000000e+02
5.034213098729227909e+01,3.730000000000000000e+02
5.043988269794721191e+01,4.240000000000000000e+02
5.053763440860215184e+01,3.760000000000000000e+02
5.063538611925708466e+01,3.870000000000000000e+02
5.073313782991202459e+01,3.940000000000000000e+02
5.083088954056695741e+01,4.100000000000000000e+02
5.092864125122189733e+01,3.700000000000000000e+02
5.102639296187683016e+01,4.110000000000000000e+02
5.112414467253177008e+01,4.140000000000000000e+02
5.122189638318670291e+01,4.020000000000000000e+02
5.131964809384164283e+01,3.700000000000000000e+02
5.141739980449657565e+01,3.920000000000000000e+02
5.151515151515151558e+01,3.780000000000000000e+02
5.161290322580644840e+01,3.780000000000000000e+02
5.171065493646138833e+01,4.010000000000000000e+02
5.180840664711632115e+01,3.810000000000000000e+02
5.190615835777126108e+01,3.860000000000000000e+02
5.200391006842619390e+01,4.260000000000000000e+02
5.210166177908113383e+01,4.000000000000000000e+02
5.219941348973606665e+01,4.110000000000000000e+02
5.229716520039100658e+01,4.240000000000000000e+02
5.239491691104593940e+01,4.160000000000000000e+02
5.249266862170087933e+01,3.940000000000000000e+02
5.259042033235581215e+01,4.070000000000000000e+02
5.268817204301075208e+01,3.730000000000000000e+02
5.278592375366568490e+01,4.040000000000000000e+02
5.288367546432062483e+01,3.850000000000000000e+02
5.298142717497555765e+01,4.000000000000000000e+02
5.307917888563049758e+01,3.910000000000000000e+02
5.317693059628543040e+01,3.810000000000000000e+02
5.327468230694037032e+01,3.860000000000000000e+02
5.337243401759530315e+01,4.100000000000000000e+02
5.347018572825024307e+01,4.190000000000000000e+02
5.356793743890517590e+01,4.330000000000000000e+02
5.366568914956011582e+01,4.080000000000000000e+02
5.376344086021504864e+01,4.280000000000000000e+02
5.386119257086998857e+01,3.820000000000000000e+02
5.395894428152492139e+01,4.180000000000000000e+02
5.405669599217986132e+01,4.030000000000000000e+02
5.415444770283479414e+01,3.920000000000000000e+02
5.425219941348973407e+01,4.040000000000000000e+02
5.434995112414467400e+01,4.100000000000000000e+02
5.444770283479960682e+01,3.860000000000000000e+02
5.454545454545454675e+01,3.760000000000000000e+02
5.464320625610947957e+01,4.100000000000000000e+02
5.474095796676441950e+01,3.900000000000000000e+02
5.483870967741935232e+01,4.190000000000000000e+02
5.493646138807429224e+01,4.100000000000000000e+02
5.503421309872922507e+01,3.600000000000000000e+02
5.513196480938416499e+01,3.870000000000000000e+02
5.522971652003909782e+01,4.060000000000000000e+02
5.532746823069403774e+01,4.000000000000000000e+02
5.542521994134897056e+01,3.860000000000000000e+02
5.552297165200391049e+01,3.900000000000000000e+02
5.562072336265884331e+01,4.200000000000000000e+02
5.571847507331378324e+01,4.090000000000000000e+02
5.581622678396871606e+01,3.840000000000000000e+02
5.591397849462365599e+01,3.830000000000000000e+02
5.601173020527858881e+01,3.730000000000000000e+02
5.610948191593352874e+01,4.010000000000000000e+02
5.620723362658846156e+01,3.810000000000000000e+02
5.630498533724340149e+01,4.290000000000000000e+02
5.640273704789833431e+01,4.060000000000000000e+02
5.650048875855327424e+01,3.960000000000000000e+02
5.659824046920820706e+01,3.940000000000000000e+02
5.669599217986314699e+01,4.020000000000000000e+02
5.679374389051807981e+01,3.820000000000000000e+02
5.689149560117301974e+01,3.530000000000000000e+02
5.698924731182795256e+01,3.780000000000000000e+02
5.708699902248289249e+01,4.090000000000000000e+02
5.718475073313782531e+01,3.890000000000000000e+02
5.728250244379276523e+01,3.850000000000000000e+02
5.738025415444769806e+01,4.190000000000000000e+02
5.747800586510263798e+01,3.490000000000000000e+02
5.757575757575757081e+01,3.840000000000000000e+02
5.767350928641251073e+01,3.870000000000000000e+02
5.777126099706744355e+01,4.020000000000000000e+02
5.786901270772238348e+01,3.730000000000000000e+02
5.796676441837731630e+01,3.500000000000000000e+02
5.806451612903225623e+01,3.890000000000000000e+02
5.816226783968718905e+01,3.500000000000000000e+02
5.826001955034212898e+01,3.700000000000000000e+02
5.835777126099706180e+01,3.630000000000000000e+02
5.845552297165200173e+01,3.700000000000000000e+02
5.855327468230694166e+01,4.090000000000000000e+02
5.865102639296187448e+01,3.740000000000000000e+02
5.874877810361681441e+01,3.750000000000000000e+02
5.884652981427174723e+01,3.650000000000000000e+02
5.894428152492668715e+01,3.900000000000000000e+02
5.904203323558161998e+01,3.880000000000000000e+02
5.913978494623655990e+01,3.630000000000000000e+02
5.923753665689149273e+01,3.840000000000000000e+02
5.933528836754643265e+01,3.710000000000000000e+02
5.943304007820136547e+01,3.610000000000000000e+02
5.953079178885630540e+01,3.700000000000000000e+02
5.962854349951123822e+01,3.670000000000000000e+02
5.972629521016617815e+01,3.680000000000000000e+02
5.982404692082111097e+01,4.020000000000000000e+02
5.992179863147605090e+01,3.600000000000000000e+02
6.001955034213098372e+01,3.880000000000000000e+02
6.011730205278592365e+01,3.580000000000000000e+02
6.021505376344085647e+01,3.820000000000000000e+02
6.031280547409579640e+01,3.820000000000000000e+02
6.041055718475072922e+01,3.740000000000000000e+02
6.050830889540566915e+01,3.650000000000000000e+02
6.060606060606060197e+01,3.370000000000000000e+02
6.070381231671554190e+01,3.730000000000000000e+02
6.080156402737047472e+01,3.640000000000000000e+02
6.089931573802541465e+01,4.040000000000000000e+02
6.099706744868034747e+01,3.690000000000000000e+02
6.109481915933528740e+01,3.750000000000000000e+02
6.119257086999022022e+01,3.400000000000000000e+02
6.129032258064516014e+01,3.800000000000000000e+02
6.138807429130009297e+01,3.510000000000000000e+02
6.148582600195503289e+01,3.350000000000000000e+02
6.158357771260996572e+01,3.830000000000000000e+02
6.168132942326490564e+01,3.510000000000000000e+02
6.177908113391983846e+01,3.640000000000000000e+02
6.187683284457477839e+01,3.630000000000000000e+02
6.197458455522971121e+01,3.590000000000000000e+02
6.207233626588465114e+01,3.810000000000000000e+02
6.217008797653958396e+01,3.670000000000000000e+02
6.226783968719452389e+01,3.960000000000000000e+02
6.236559139784945671e+01,3.600000000000000000e+02
6.246334310850439664e+01,3.920000000000000000e+02
6.256109481915933657e+01,3.740000000000000000e+02
6.265884652981426939e+01,3.850000000000000000e+02
6.275659824046920932e+01,3.580000000000000000e+02
6.285434995112414214e+01,3.660000000000000000e+02
6.295210166177908206e+01,3.750000000000000000e+02
6.304985337243401489e+01,3.780000000000000000e+02
6.314760508308895481e+01,3.660000000000000000e+02
6.324535679374388764e+01,3.520000000000000000e+02
6.334310850439882756e+01,3.600000000000000000e+02
6.344086021505376038e+01,3.580000000000000000e+02
6.353861192570870031e+01,3.820000000000000000e+02
6.363636363636363313e+01,3.770000000000000000e+02
6.373411534701857306e+01,3.760000000000000000e+02
6.383186705767350588e+01,3.550000000000000000e+02
6.392961876832844581e+01,3.560000000000000000e+02
6.402737047898338574e+01,3.300000000000000000e+02
6.412512218963831856e+01,3.620000000000000000e+02
6.422287390029325138e+01,3.680000000000000000e+02
6.432062561094818420e+01,3.800000000000000000e+02
6.441837732160313124e+01,3.740000000000000000e+02
6.451612903225806406e+01,3.500000000000000000e+02
6.461388074291299688e+01,3.870000000000000000e+02
6.471163245356792970e+01,3.900000000000000000e+02
6.480938416422287673e+01,3.490000000000000000e+02
6.490713587487780956e+01,3.640000000000000000e+02
6.500488758553274238e+01,3.510000000000000000e+02
6.510263929618767520e+01,3.390000000000000000e+02
6.520039100684262223e+01,3.810000000000000000e+02
6.529814271749755505e+01,3.600000000000000000e+02
6.539589442815248788e+01,3.490000000000000000e+02
6.549364613880742070e+01,3.620000000000000000e+02
6.559139784946236773e+01,3.390000000000000000e+02
6.568914956011730055e+01,3.740000000000000000e+02
6.578690127077223337e+01,3.740000000000000000e+02
6.588465298142716620e+01,3.800000000000000000e+02
6.598240469208211323e+01,3.610000000000000000e+02
6.608015640273704605e+01,3.620000000000000000e+02
6.617790811339197887e+01,3.300000000000000000e+02
6.627565982404691169e+01,3.400000000000000000e+02
6.637341153470185873e+01,3.710000000000000000e+02
6.647116324535679155e+01,3.640000000000000000e+02
6.656891495601172437e+01,3.720000000000000000e+02
6.666666666666665719e+01,3.610000000000000000e+02
6.676441837732160423e+01,3.590000000000000000e+02
6.686217008797653705e+01,3.510000000000000000e+02
6.695992179863146987e+01,3.570000000000000000e+02
6.705767350928641690e+01,3.270000000000000000e+02
6.715542521994134972e+01,3.790000000000000000e+02
6.725317693059628255e+01,3.310000000000000000e+02
6.735092864125121537e+01,3.680000000000000000e+02
6.744868035190616240e+01,3.970000000000000000e+02
6.754643206256109522e+01,3.690000000000000000e+02
6.764418377321602804e+01,3.870000000000000000e+02
6.774193548387096087e+01,3.630000000000000000e+02
6.783968719452590790e+01,3.630000000000000000e+02
6.793743890518084072e+01,3.520000000000000000e+02
6.803519061583577354e+01,3.730000000000000000e+02
6.813294232649070636e+01,3.580000000000000000e+02
6.823069403714565340e+01,3.640000000000000000e+02
6.832844574780058622e+01,3.360000000000000000e+02
6.842619745845551904e+01,3.720000000000000000e+02
6.852394916911045186e+01,3.510000000000000000e+02
6.862170087976539889e+01,3.540000000000000000e+02
6.871945259042033172e+01,3.820000000000000000e+02
6.881720430107526454e+01,3.830000000000000000e+02
6.891495601173019736e+01,3.900000000000000000e+02
6.901270772238514439e+01,3.740000000000000000e+02
6.911045943304007722e+01,3.450000000000000000e+02
6.920821114369501004e+01,3.640000000000000000e+02
6.930596285434994286e+01,4.040000000000000000e+02
6.940371456500488989e+01,3.570000000000000000e+02
6.950146627565982271e+01,3.750000000000000000e+02
6.959921798631475554e+01,3.960000000000000000e+02
6.969696969696968836e+01,3.820000000000000000e+02
6.979472140762463539e+01,3.970000000000000000e+02
6.989247311827956821e+01,3.750000000000000000e+02
6.999022482893450103e+01,3.600000000000000000e+02
7.008797653958943386e+01,3.910000000000000000e+02
7.018572825024438089e+01,3.790000000000000000e+02
7.028347996089931371e+01,3.800000000000000000e+02
7.038123167155424653e+01,3.660000000000000000e+02
7.047898338220917935e+01,3.570000000000000000e+02
7.057673509286412639e+01,3.990000000000000000e+02
7.067448680351905921e+01,3.660000000000000000e+02
7.077223851417399203e+01,3.720000000000000000e+02
7.086999022482892485e+01,3.830000000000000000e+02
7.096774193548387188e+01,3.560000000000000000e+02
7.106549364613880471e+01,3.690000000000000000e+02
7.116324535679373753e+01,3.680000000000000000e+02
7.126099706744868456e+01,3.490000000000000000e+02
7.135874877810361738e+01,3.340000000000000000e+02
7.145650048875855020e+01,3.610000000000000000e+02
7.155425219941348303e+01,3.590000000000000000e+02
7.165200391006843006e+01,3.910000000000000000e+02
7.174975562072336288e+01,3.910000000000000000e+02
7.184750733137829570e+01,3.520000000000000000e+02
7.194525904203322852e+01,3.740000000000000000e+02
7.204301075268817556e+01,3.640000000000000000e+02
7.214076246334310838e+01,3.290000000000000000e+02
7.223851417399804120e+01,3.450000000000000000e+02
7.233626588465297402e+01,3.700000000000000000e+02
7.243401759530792106e+01,3.680000000000000000e+02
7.253176930596285388e+01,3.430000000000000000e+02
7.262952101661778670e+01,3.460000000000000000e+02
7.272727272727271952e+01,3.710000000000000000e+02
7.282502443792766655e+01,3.740000000000000000e+02
7.292277614858259938e+01,3.540000000000000000e+02
7.302052785923753220e+01,3.260000000000000000e+02
7.311827956989246502e+01,3.080000000000000000e+02
7.321603128054741205e+01,3.710000000000000000e+02
7.331378299120234487e+01,3.380000000000000000e+02
7.341153470185727770e+01,3.420000000000000000e+02
7.350928641251221052e+01,3.150000000000000000e+02
7.360703812316715755e+01,2.930000000000000000e+02
7.370478983382209037e+01,3.160000000000000000e+02
7.380254154447702319e+01,3.230000000000000000e+02
7.390029325513195602e+01,3.110000000000000000e+02
7.399804496578690305e+01,3.420000000000000000e+02
7.409579667644183587e+01,3.280000000000000000e+02
7.419354838709676869e+01,2.890000000000000000e+02
7.429130009775170151e+01,2.790000000000000000e+02
7.438905180840664855e+01,3.310000000000000000e+02
7.448680351906158137e+01,2.890000000000000000e+02
7.458455522971651419e+01,3.340000000000000000e+02
7.468230694037144701e+01,3.340000000000000000e+02
7.478005865102639405e+01,3.070000000000000000e+02
7.487781036168132687e+01,3.120000000000000000e+02
7.497556207233625969e+01,3.050000000000000000e+02
7.507331378299119251e+01,3.310000000000000000e+02
7.517106549364613954e+01,2.920000000000000000e+02
7.526881720430107237e+01,2.900000000000000000e+02
7.536656891495600519e+01,2.920000000000000000e+02
7.546432062561095222e+01,3.010000000000000000e+02
7.556207233626588504e+01,2.950000000000000000e+02
7.565982404692081786e+01,3.110000000000000000e+02
7.575757575757575069e+01,2.780000000000000000e+02
7.585532746823069772e+01,3.010000000000000000e+02
7.595307917888563054e+01,3.080000000000000000e+02
7.605083088954056336e+01,2.900000000000000000e+02
7.614858260019549618e+01,2.650000000000000000e+02
7.624633431085044322e+01,2.760000000000000000e+02
7.634408602150537604e+01,2.580000000000000000e+02
7.644183773216030886e+01,2.730000000000000000e+02
7.653958944281524168e+01,2.640000000000000000e+02
7.663734115347018871e+01,2.670000000000000000e+02
7.673509286412512154e+01,2.770000000000000000e+02
7.683284457478005436e+01,2.490000000000000000e+02
7.693059628543498718e+01,2.650000000000000000e+02
7.702834799608993421e+01,2.630000000000000000e+02
7.712609970674486704e+01,2.660000000000000000e+02
7.722385141739979986e+01,2.900000000000000000e+02
7.732160312805473268e+01,2.610000000000000000e+02
7.741935483870967971e+01,2.500000000000000000e+02
7.751710654936461253e+01,2.680000000000000000e+02
7.761485826001954536e+01,2.270000000000000000e+02
7.771260997067447818e+01,2.450000000000000000e+02
7.781036168132942521e+01,2.500000000000000000e+02
7.790811339198435803e+01,2.680000000000000000e+02
7.800586510263929085e+01,2.600000000000000000e+02
7.810361681329422368e+01,2.470000000000000000e+02
7.820136852394917071e+01,2.200000000000000000e+02
7.829912023460410353e+01,2.600000000000000000e+02
7.839687194525903635e+01,2.430000000000000000e+02
7.849462365591396917e+01,2.640000000000000000e+02
7.859237536656891621e+01,2.830000000000000000e+02
7.869012707722384903e+01,2.130000000000000000e+02
7.878787878787878185e+01,2.490000000000000000e+02
7.888563049853371467e+01,2.090000000000000000e+02
7.898338220918866170e+01,2.580000000000000000e+02
7.908113391984359453e+01,2.380000000000000000e+02
7.917888563049852735e+01,2.560000000000000000e+02
7.927663734115347438e+01,2.510000000000000000e+02
7.937438905180840720e+01,2.690000000000000000e+02
7.947214076246334002e+01,2.440000000000000000e+02
7.956989247311827285e+01,2.220000000000000000e+02
7.966764418377321988e+01,2.280000000000000000e+02
7.976539589442815270e+01,2.400000000000000000e+02
7.986314760508308552e+01,2.230000000000000000e+02
7.996089931573801834e+01,2.260000000000000000e+02
8.005865102639296538e+01,2.390000000000000000e+02
8.015640273704789820e+01,2.300000000000000000e+02
8.025415444770283102e+01,2.440000000000000000e+02
8.035190615835776384e+01,2.090000000000000000e+02
8.044965786901271088e+01,2.120000000000000000e+02
8.054740957966764370e+01,2.190000000000000000e+02
8.064516129032257652e+01,2.260000000000000000e+02
8.074291300097750934e+01,2.250000000000000000e+02
8.084066471163245637e+01,2.030000000000000000e+02
8.093841642228738920e+01,2.240000000000000000e+02
8.103616813294232202e+01,2.220000000000000000e+02
8.113391984359725484e+01,2.070000000000000000e+02
8.123167155425220187e+01,2.290000000000000000e+02
8.132942326490713469e+01,2.160000000000000000e+02
8.142717497556206752e+01,2.120000000000000000e+02
8.152492668621700034e+01,2.170000000000000000e+02
8.162267839687194737e+01,2.230000000000000000e+02
8.172043010752688019e+01,2.060000000000000000e+02
8.181818181818181301e+01,2.340000000000000000e+02
8.191593352883674584e+01,2.260000000000000000e+02
8.201368523949169287e+01,1.930000000000000000e+02
8.211143695014662569e+01,2.370000000000000000e+02
8.220918866080155851e+01,2.070000000000000000e+02
8.230694037145649133e+01,2.150000000000000000e+02
8.240469208211143837e+01,2.020000000000000000e+02
8.250244379276637119e+01,2.140000000000000000e+02
8.260019550342130401e+01,2.020000000000000000e+02
8.269794721407623683e+01,2.240000000000000000e+02
8.279569892473118387e+01,1.940000000000000000e+02
8.289345063538611669e+01,1.940000000000000000e+02
8.299120234604104951e+01,2.050000000000000000e+02
8.308895405669598233e+01,2.360000000000000000e+02
8.318670576735092936e+01,2.050000000000000000e+02
8.328445747800586219e+01,2.070000000000000000e+02
8.338220918866079501e+01,2.160000000000000000e+02
8.347996089931574204e+01,1.880000000000000000e+02
8.357771260997067486e+01,2.100000000000000000e+02
8.367546432062560768e+01,2.140000000000000000e+02
8.377321603128054051e+01,2.120000000000000000e+02
8.387096774193548754e+01,1.850000000000000000e+02
8.396871945259042036e+01,1.780000000000000000e+02
8.406647116324535318e+01,2.200000000000000000e+02
8.416422287390028600e+01,1.910000000000000000e+02
8.426197458455523304e+01,2.040000000000000000e+02
8.435972629521016586e+01,1.980000000000000000e+02
8.445747800586509868e+01,1.890000000000000000e+02
8.455522971652003150e+01,2.080000000000000000e+02
8.465298142717497853e+01,1.780000000000000000e+02
8.475073313782991136e+01,2.100000000000000000e+02
8.484848484848484418e+01,1.800000000000000000e+02
8.494623655913977700e+01,1.710000000000000000e+02
8.504398826979472403e+01,1.970000000000000000e+02
8.514173998044965685e+01,1.560000000000000000e+02
8.523949169110458968e+01,1.960000000000000000e+02
8.533724340175952250e+01,1.810000000000000000e+02
8.543499511241446953e+01,1.940000000000000000e+02
8.553274682306940235e+01,1.790000000000000000e+02
8.563049853372433518e+01,1.770000000000000000e+02
8.572825024437926800e+01,1.730000000000000000e+02
8.582600195503421503e+01,1.830000000000000000e+02
8.592375366568914785e+01,1.660000000000000000e+02
8.602150537634408067e+01,1.790000000000000000e+02
8.611925708699901350e+01,2.020000000000000000e+02
8.621700879765396053e+01,1.930000000000000000e+02
8.631476050830889335e+01,1.540000000000000000e+02
8.641251221896382617e+01,1.670000000000000000e+02
8.651026392961875899e+01,1.740000000000000000e+02
8.660801564027370603e+01,1.780000000000000000e+02
8.670576735092863885e+01,1.670000000000000000e+02
8.680351906158357167e+01,1.940000000000000000e+02
8.690127077223850449e+01,1.690000000000000000e+02
8.699902248289345152e+01,2.040000000000000000e+02
8.709677419354838435e+01,1.910000000000000000e+02
8.719452590420331717e+01,1.880000000000000000e+02
8.729227761485824999e+01,1.710000000000000000e+02
8.739002932551319702e+01,1.630000000000000000e+02
8.748778103616812984e+01,1.730000000000000000e+02
8.758553274682306267e+01,1.850000000000000000e+02
8.768328445747800970e+01,1.480000000000000000e+02
8.778103616813294252e+01,1.680000000000000000e+02
8.787878787878787534e+01,1.740000000000000000e+02
8.797653958944280816e+01,1.630000000000000000e+02
8.807429130009775520e+01,1.720000000000000000e+02
8.817204301075268802e+01,1.740000000000000000e+02
8.826979472140762084e+01,1.700000000000000000e+02
8.836754643206255366e+01,1.620000000000000000e+02
8.846529814271750070e+01,1.800000000000000000e+02
8.856304985337243352e+01,1.700000000000000000e+02
8.866080156402736634e+01,1.760000000000000000e+02
8.875855327468229916e+01,1.790000000000000000e+02
8.885630498533724619e+01,1.760000000000000000e+02
8.895405669599217902e+01,1.570000000000000000e+02
8.905180840664711184e+01,1.690000000000000000e+02
8.914956011730204466e+01,1.600000000000000000e+02
8.924731182795699169e+01,1.590000000000000000e+02
8.934506353861192451e+01,1.570000000000000000e+02
8.944281524926685734e+01,1.610000000000000000e+02
8.954056695992179016e+01,1.550000000000000000e+02
8.963831867057673719e+01,1.380000000000000000e+02
8.973607038123167001e+01,1.630000000000000000e+02
8.983382209188660283e+01,1.730000000000000000e+02
8.993157380254153566e+01,1.490000000000000000e+02
9.002932551319648269e+01,1.450000000000000000e+02
9.012707722385141551e+01,1.630000000000000000e+02
9.022482893450634833e+01,1.490000000000000000e+02
9.032258064516128115e+01,1.530000000000000000e+02
9.042033235581622819e+01,1.430000000000000000e+02
9.051808406647116101e+01,1.530000000000000000e+02
9.061583577712609383e+01,1.500000000000000000e+02
9.071358748778102665e+01,1.470000000000000000e+02
9.081133919843597369e+01,1.380000000000000000e+02
9.090909090909090651e+01,1.240000000000000000e+02
9.100684261974583933e+01,1.450000000000000000e+02
9.110459433040077215e+01,1.500000000000000000e+02
9.120234604105571918e+01,1.250000000000000000e+02
9.130009775171065201e+01,1.610000000000000000e+02
9.139784946236558483e+01,1.430000000000000000e+02
9.149560117302051765e+01,1.280000000000000000e+02
9.159335288367546468e+01,1.520000000000000000e+02
9.169110459433039750e+01,1.600000000000000000e+02
9.178885630498533033e+01,1.350000000000000000e+02
9.188660801564027736e+01,1.460000000000000000e+02
9.198435972629521018e+01,1.410000000000000000e+02
9.208211143695014300e+01,1.220000000000000000e+02
9.217986314760507582e+01,1.330000000000000000e+02
9.227761485826002286e+01,1.250000000000000000e+02
9.237536656891495568e+01,1.550000000000000000e+02
9.247311827956988850e+01,1.300000000000000000e+02
9.257086999022482132e+01,1.510000000000000000e+02
9.266862170087976835e+01,1.280000000000000000e+02
9.276637341153470118e+01,1.190000000000000000e+02
9.286412512218963400e+01,1.380000000000000000e+02
9.296187683284456682e+01,1.370000000000000000e+02
9.305962854349951385e+01,1.250000000000000000e+02
9.315738025415444667e+01,1.330000000000000000e+02
9.325513196480937950e+01,1.250000000000000000e+02
9.335288367546431232e+01,1.480000000000000000e+02
9.345063538611925935e+01,1.350000000000000000e+02
9.354838709677419217e+01,1.090000000000000000e+02
9.364613880742912499e+01,1.150000000000000000e+02
9.374389051808405782e+01,1.380000000000000000e+02
9.384164222873900485e+01,1.370000000000000000e+02
9.393939393939393767e+01,1.310000000000000000e+02
9.403714565004887049e+01,1.290000000000000000e+02
9.413489736070380332e+01,1.230000000000000000e+02
9.423264907135875035e+01,1.310000000000000000e+02
9.433040078201368317e+01,1.230000000000000000e+02
9.442815249266861599e+01,1.460000000000000000e+02
9.452590420332354881e+01,1.260000000000000000e+02
9.462365591397849585e+01,1.370000000000000000e+02
9.472140762463342867e+01,9.600000000000000000e+01
9.481915933528836149e+01,1.140000000000000000e+02
9.491691104594329431e+01,1.120000000000000000e+02
9.501466275659824134e+01,1.210000000000000000e+02
9.511241446725317417e+01,1.140000000000000000e+02
9.521016617790810699e+01,1.160000000000000000e+02
9.530791788856303981e+01,1.340000000000000000e+02
9.540566959921798684e+01,1.100000000000000000e+02
9.550342130987291966e+01,1.190000000000000000e+02
9.560117302052785249e+01,1.080000000000000000e+02
9.569892473118278531e+01,1.370000000000000000e+02
9.579667644183773234e+01,1.150000000000000000e+02
9.589442815249266516e+01,1.290000000000000000e+02
9.599217986314759798e+01,1.080000000000000000e+02
9.608993157380254502e+01,1.060000000000000000e+02
9.618768328445747784e+01,1.240000000000000000e+02
9.628543499511241066e+01,1.040000000000000000e+02
9.638318670576734348e+01,1.140000000000000000e+02
9.648093841642229052e+01,1.040000000000000000e+02
9.657869012707722334e+01,1.110000000000000000e+02
9.667644183773215616e+01,1.060000000000000000e+02
9.677419354838708898e+01,1.150000000000000000e+02
9.687194525904203601e+01,8.900000000000000000e+01
9.696969696969696884e+01,1.240000000000000000e+02
9.706744868035190166e+01,7.900000000000000000e+01
9.716520039100683448e+01,1.150000000000000000e+02
9.726295210166178151e+01,1.040000000000000000e+02
9.736070381231671433e+01,1.210000000000000000e+02
9.745845552297164716e+01,1.050000000000000000e+02
9.755620723362657998e+01,1.040000000000000000e+02
9.765395894428152701e+01,1.010000000000000000e+02
9.775171065493645983e+01,1.110000000000000000e+02
9.784946236559139265e+01,1.220000000000000000e+02
9.794721407624632548e+01,1.220000000000000000e+02
9.804496578690127251e+01,1.050000000000000000e+02
9.814271749755620533e+01,1.150000000000000000e+02
9.824046920821113815e+01,9.900000000000000000e+01
9.833822091886607097e+01,1.020000000000000000e+02
9.843597262952101801e+01,9.800000000000000000e+01
9.853372434017595083e+01,9.000000000000000000e+01
9.863147605083088365e+01,1.050000000000000000e+02
9.872922776148581647e+01,9.900000000000000000e+01
9.882697947214076351e+01,9.100000000000000000e+01
9.892473118279569633e+01,1.060000000000000000e+02
9.902248289345062915e+01,9.200000000000000000e+01
9.912023460410556197e+01,1.070000000000000000e+02
9.921798631476050900e+01,8.500000000000000000e+01
9.931573802541544183e+01,9.300000000000000000e+01
9.941348973607037465e+01,9.400000000000000000e+01
9.951124144672530747e+01,8.900000000000000000e+01
9.960899315738025450e+01,1.070000000000000000e+02
9.970674486803518732e+01,8.800000000000000000e+01
9.980449657869012015e+01,1.080000000000000000e+02
9.990224828934505297e+01,9.200000000000000000e+01
1.000000000000000000e+02,9.600000000000000000e+01
